  2.0000000e+000  2.7055120e+000  4.0925632e+000  1.9695509e+000  2.8629613e+000  2.3466161e+000  3.7860976e+000  1.9182655e+000  2.3099703e+000  3.2040909e+000  3.1643252e+000
  2.0000000e+000  2.2132911e+000  3.9268278e+000  1.4221172e+000  4.1042354e+000  9.1446919e-001  3.7428664e+000  3.5201144e+000  4.8638578e+000  2.2734146e+000  3.9127008e+000
  1.0000000e+000  3.9108885e+000  2.3167435e+000  3.2693017e+000  2.9854599e+000  2.8426238e+000  3.3337600e+000  3.9132174e-001  2.2239774e+000  2.5319568e+000  2.7031054e+000
  2.0000000e+000  3.9184531e+000  2.1056836e+000  3.6305328e+000  1.7902266e+000  2.8050740e+000  3.6238691e+000  3.3477936e+000  1.2669223e+000  2.9928742e+000  2.7438270e+000
  2.0000000e+000  2.3659577e+000  1.8801523e+000  1.4980936e+000  4.0356773e+000  2.4771685e+000  2.9339979e+000  3.2876244e+000  2.1679793e+000  2.6770430e+000  1.8321461e+000
  1.0000000e+000  3.3676512e+000  4.0574536e+000  3.5280116e+000  1.8165529e+000  2.9562322e+000  3.2326151e+000  1.7490574e+000  2.2182094e+000  2.2905202e+000  1.2615127e+000
  2.0000000e+000  1.7020058e+000  2.6825829e+000  4.6298362e+000  2.4571376e+000  2.7610268e+000  3.0272264e+000  2.7470904e+000  1.1772329e+000  2.1276154e+000  2.5753828e+000
  2.0000000e+000  2.9699420e+000  1.9845797e+000  3.1866435e+000  1.4478134e+000  3.8181969e+000  3.6425667e+000  4.0555075e+000  8.7395862e-001  2.3659782e+000  1.4261195e+000
  2.0000000e+000  3.4098413e+000  1.8036774e+000  2.1274107e+000  2.9769670e+000  3.9353749e+000  4.2441608e+000  2.2543583e+000  5.2496323e+000  8.9648971e-001  4.2707170e+000
  2.0000000e+000  2.9042276e+000  2.6944676e+000  3.0810707e+000  3.0405555e+000  1.4013814e+000  3.7841775e+000  1.5053163e+000  2.4397207e+000  4.6987276e+000  2.2146789e+000
  2.0000000e+000  2.5425401e+000  3.4796774e+000  2.7101849e+000  1.6785757e+000  3.4850695e+000  4.1305584e+000  2.2633217e+000  3.9853281e+000  2.8846519e+000  2.6322283e+000
  2.0000000e+000  4.0729823e+000  3.7999655e+000  2.5586544e+000  1.0085411e+000  2.7029413e+000  3.9523827e+000  2.4815963e+000  2.7278108e+000  3.0571483e+000  3.4716597e+000
  2.0000000e+000  3.1060099e+000  3.8765248e+000  2.6902608e+000  3.2682482e+000  2.4624335e+000  1.7244621e+000  4.2758421e+000  3.3091035e+000  3.0644488e+000  1.7143021e+000
  2.0000000e+000  4.8136978e+000  2.9036558e+000  4.4199641e+000  2.4311542e+000  4.7581214e+000  3.8331166e+000  3.1412070e+000  2.5175825e+000  2.0369507e+000  3.7719029e+000
  1.0000000e+000  3.6688057e+000  3.1593766e+000  3.9148416e+000  3.8625373e-001  1.8357651e+000  3.5990396e+000  2.9790694e+000  4.1768021e+000  2.4523978e+000  3.6431513e+000
  2.0000000e+000  3.2991593e+000  1.0387345e+000  2.5160630e+000  3.7583614e+000  2.0184359e+000  9.7892666e-001  2.2159634e+000  4.1259735e+000  4.0976664e+000  4.1630157e+000
  2.0000000e+000  4.1286810e+000  2.7386220e+000  4.0953072e+000  3.1372366e+000  3.6306790e+000  1.0549012e+000  3.7909617e+000  2.7792300e+000  2.3856954e+000  2.8792200e+000
  2.0000000e+000  1.0105998e+000  2.5308841e+000  2.4481096e+000  4.2996468e+000  2.2584296e+000  3.1662831e+000  3.1241706e+000  3.7214570e+000  3.1359920e+000  3.7926096e+000
  2.0000000e+000  4.0122180e+000  3.2361374e+000  2.1085802e+000  2.6362194e+000  1.6403717e+000  2.5839048e+000  4.4554491e+000  3.0291793e+000  3.7043225e+000  1.9128009e+000
  2.0000000e+000  2.2819590e+000  2.1110739e+000  2.3871305e+000  3.0859806e+000  2.1796461e+000  3.6741965e+000  4.3275928e+000  3.0470664e+000  2.2976157e+000  2.5187619e+000
  1.0000000e+000  3.8102462e+000  3.1747523e+000  2.8577596e+000  2.2047386e+000  4.5807247e+000  2.5775122e+000  4.9389983e+000  2.4934543e+000  3.5747528e+000  3.8376294e+000
  2.0000000e+000  2.2284530e+000  2.0760954e+000  1.6175294e-001  2.4148134e+000  2.3457358e+000  2.2583880e+000  3.6855521e+000  2.9363617e+000  4.1116120e+000  2.1344802e+000
  2.0000000e+000  1.9565658e+000  3.4066700e+000  2.2923559e+000  4.0068358e+000  2.0068531e+000  1.6039490e+000  2.7820660e+000  4.2852762e+000  2.6767547e+000  3.8825091e+000
  2.0000000e+000  2.3674757e+000  4.1209296e+000  2.6962222e+000  5.1708198e+000  3.0805094e+000  3.4597869e+000  1.1758187e+000  2.2841720e+000  2.4791936e+000  2.1812117e+000
  2.0000000e+000  1.8595781e+000  2.3045908e+000  8.7485485e-001  3.4267579e+000  2.8336531e+000  4.2915720e+000  3.9439647e+000  2.1702560e+000  2.3830275e+000  1.1766740e+000
  2.0000000e+000  4.1443073e+000  4.0722889e+000  1.6887994e+000  2.7237670e+000  3.8644412e+000  2.9541306e+000  4.2568771e+000  3.0440298e+000  4.2685458e+000  2.7451068e+000
  2.0000000e+000  1.6224468e+000  2.8879773e+000  1.7153037e+000  3.4208525e+000  3.1950556e+000  2.9452563e+000  5.7559237e+000  3.3909502e+000  4.4317067e+000  3.0843562e+000
  2.0000000e+000  4.3463257e+000  3.8015079e+000  6.7952312e-001  2.3564663e+000  3.3218012e+000  3.2506866e+000  4.4018074e+000  4.0027722e+000  3.0889342e+000  3.6056348e+000
  2.0000000e+000  1.6776220e+000  3.3188997e+000  3.6874926e+000  2.7364077e+000  2.6733620e+000  2.5417848e+000  3.4101577e+000  2.7473891e+000  2.0110408e+000  2.4019287e+000
  2.0000000e+000  2.4448903e+000  2.3142392e+000  1.3063495e+000  3.2051695e+000  3.2477771e+000  3.1986285e+000  3.2295940e+000  8.1683823e-001  3.2560558e+000  5.5556890e+000
  1.0000000e+000  3.0343000e+000  1.2245023e+000  4.3669768e+000  2.6610255e+000  2.5558952e+000  2.6449967e+000  4.6857784e+000  2.6454919e+000  2.0116846e+000  4.5930276e+000
  2.0000000e+000  4.2694938e+000  3.5785977e+000  3.1602718e+000  4.7235892e+000  2.9168872e+000  3.8551653e+000  5.0511738e-001  2.0771278e+000  2.4070674e+000  2.0100113e+000
  2.0000000e+000  2.0594815e+000  3.0140770e+000  1.4979376e+000  5.0198646e+000  3.3231528e+000  1.4048641e+000  3.7167231e+000  4.6233990e+000  1.5971307e+000  2.5912468e+000
  2.0000000e+000  1.5530637e+000  2.7871119e+000  2.9085871e+000  3.1928571e+000  3.7834983e+000  2.9169370e+000  3.6574877e+000  5.3601962e+000  1.8883488e+000  3.4363439e+000
  2.0000000e+000  2.7375712e+000  2.0335941e+000  6.5590928e+000  2.1347152e+000  4.1617172e+000  2.0800765e+000  2.8697338e+000  2.7445404e+000  9.2502043e-001  1.7694190e+000
  2.0000000e+000  1.5680557e+000  4.2123798e+000  3.6252886e+000  6.9529471e-001  1.2527176e+000  2.6703455e+000  2.2687149e+000  3.9502663e+000  4.4386228e+000  3.0933055e+000
  2.0000000e+000  1.9199114e+000  1.6492461e+000  1.6452083e+000  4.1113184e+000  3.1781819e+000  4.2618558e+000  2.1839614e+000  2.3637716e+000  3.9877920e+000  3.5712211e+000
  2.0000000e+000  3.2920681e+000  3.6003400e+000  1.6997308e+000  3.2751717e+000  3.0033492e+000  4.1904321e+000  1.1891077e+000  3.7335252e+000  3.9616452e+000  1.5508961e+000
  2.0000000e+000  4.2174030e+000  2.1847631e+000  3.2816824e+000  2.6037958e+000  4.5293225e+000  2.1975049e+000  2.5977693e+000  3.7423262e+000  2.3756034e+000  2.1638417e+000
  2.0000000e+000  1.4695887e+000  2.4015579e+000  2.8697528e+000  4.0935792e+000  4.7151315e+000  2.1182980e+000  4.6091068e+000  2.5854373e+000  3.3345639e+000  3.4395956e+000
  2.0000000e+000  2.6871504e+000  3.4399536e+000  2.3949476e+000  3.1713261e+000  4.0698155e+000  2.9055520e+000  1.4332645e+000  4.4954263e+000  3.3167178e+000  2.4135676e+000
  2.0000000e+000  1.7243154e+000  2.9945804e+000  2.9339605e+000  3.3689645e+000  1.2542179e+000  2.9816403e+000  3.1229178e+000  3.1109652e+000  2.0771070e+000  2.1549903e+000
  2.0000000e+000  2.5318175e+000  4.1630381e+000  3.8735990e+000  2.9797514e+000  2.6130553e+000  2.7498416e+000  2.5343762e-001  2.9881229e+000  9.0801724e-001  2.5701230e+000
  2.0000000e+000  2.6130637e+000  2.6416758e+000  2.7825653e+000  2.9711056e+000  3.9164373e+000  5.1160842e+000  2.2788831e+000  2.5385038e+000  2.1381767e+000  1.5183540e+000
  2.0000000e+000  4.4427873e+000  2.0623645e+000  2.8963918e+000  4.1684537e+000  9.8344477e-001  9.0686054e-001  4.5032653e+000  5.0101472e+000  3.1029488e+000  3.4327069e+000
  1.0000000e+000  3.4681257e+000  3.1714321e+000  4.6750537e+000  3.4906957e+000  4.5404873e+000  2.8606381e+000  4.4594651e+000  3.0934993e+000  1.7614337e+000  3.0935666e+000
  2.0000000e+000  2.9019017e+000  2.2756066e+000  2.9203983e+000  1.4909214e+000  2.7435072e+000  2.6237159e+000  2.9879956e+000  2.1075647e+000  2.9761025e+000  2.1929995e+000
  2.0000000e+000  4.4318502e+000  2.4353948e+000  3.2839615e+000  2.4522579e+000  2.7968710e+000 -5.3827757e-001  3.9283138e+000  2.9483928e+000  2.6033762e+000  1.9404193e+000
  2.0000000e+000  1.5508891e-001  4.2441599e+000  1.9945980e+000  2.4262421e+000  3.5116935e+000  3.3089512e+000  3.7956854e+000  2.3698848e+000  2.9633400e+000  4.3018553e+000
  2.0000000e+000  1.7065424e+000  3.1673533e+000  4.4138450e+000  2.9395155e+000  4.7600881e+000  6.3496948e-001  1.6579893e+000  1.8496287e+000  4.5517509e+000  2.6719174e+000
  2.0000000e+000  4.7236341e+000  3.2172311e+000  2.0368263e+000  3.6001832e+000  3.2842633e+000  3.6827713e+000  2.7385611e+000  2.9089887e+000  2.0008119e+000  4.0278238e+000
  1.0000000e+000  3.7482740e+000  1.6196010e+000  3.6913524e+000  3.2196339e+000  2.6244347e+000  2.6066332e+000  1.3275605e+000  3.0428759e+000  2.4013444e+000  1.5286867e+000
  2.0000000e+000  1.7335491e+000  1.4226940e+000  4.3587069e+000  1.9602418e+000  2.5613905e+000  3.6738876e+000  3.2596547e+000  3.8998245e+000  5.0490372e+000  2.5008619e+000
  2.0000000e+000  2.4827797e+000  3.5998681e+000  9.5228933e-001  2.0002942e+000  4.5937192e+000  3.5149621e+000  2.7949950e+000  2.8502881e+000  3.3738758e+000  3.8041148e+000
  2.0000000e+000  2.8304364e+000  3.1273932e+000  2.1223184e+000  2.5035626e+000  1.1499322e+000  2.3801946e+000  3.0884083e+000  1.1641511e+000  2.9023946e+000  3.9731567e+000
  2.0000000e+000  4.3479460e+000  4.2919633e+000  3.8325127e+000  2.8060950e+000  1.8624812e+000  3.0535193e+000  1.6925024e+000  2.9661903e+000  3.1020106e+000  3.4323326e+000
  2.0000000e+000  2.6030846e+000  3.2439159e+000  2.9511537e+000  3.0172797e+000  2.2795552e+000  2.4204336e+000  3.9854568e+000  3.0829688e+000  2.6364350e+000  3.2039978e+000
  2.0000000e+000  2.8991976e+000  1.6592485e+000  3.1235744e+000  3.4225485e+000  3.9934486e+000  6.9722836e-001  3.0969886e+000  4.5576440e+000  2.8182590e+000  3.1848933e+000
  2.0000000e+000  2.8571130e+000  2.4037293e+000  3.6022488e+000  3.1967702e+000  2.4083605e+000  4.1000736e+000  2.3393289e+000  3.2653553e+000  1.2660483e+000  3.5110638e+000
  1.0000000e+000  3.2685422e+000  3.0596446e+000  1.8244019e+000  1.7895234e+000  8.4297532e-001  2.6088451e+000  3.1428877e+000  2.1192703e+000  2.6952282e+000  2.2463379e+000
  1.0000000e+000  3.4833890e+000  3.9693667e+000  2.1128949e+000  2.4923773e+000  4.1722914e+000  3.2512124e+000  4.0634822e+000  3.7038694e+000  4.1433573e+000  2.1026638e+000
  2.0000000e+000  7.4189338e-001  4.2625186e+000  3.2507632e+000  2.7564133e+000  2.8469680e+000  2.5753398e+000  2.3823642e+000  3.0876225e+000  1.4199876e+000  3.8212906e+000
  2.0000000e+000  2.8347925e+000  3.5601119e+000  3.0212987e+000  2.8799207e+000  3.8155856e+000  2.6672436e+000  2.3555737e+000  9.6419088e-001  5.0819378e+000  2.1641629e+000
  2.0000000e+000  2.2779357e+000  2.0633516e+000  3.7239297e+000  3.6956419e+000  1.1336178e+000  3.0824334e+000  3.3900763e+000  2.9175089e+000  8.0255394e-001  4.7348160e+000
  2.0000000e+000  2.5550781e+000  2.3740085e+000  2.2326357e+000  3.3489834e+000  1.2525561e+000  3.5808300e+000  2.2916681e+000  2.3702845e+000  3.1591269e+000  2.6383370e+000
  2.0000000e+000  2.5873067e+000  3.0728188e+000  3.7760280e+000  1.0359043e+000  3.1114258e+000  3.1002060e+000  4.0784479e+000  3.7100139e+000  4.2317830e+000  3.5848811e+000
  2.0000000e+000  1.5071914e+000  2.3376780e+000  4.3213873e+000  1.9540368e+000  2.8390256e+000  3.4178742e+000  2.3429433e+000  3.0641042e+000  3.4383646e+000  2.5416762e+000
  2.0000000e+000  5.7959467e+000  2.4799266e+000  3.6509111e+000  2.9044803e+000  2.6545202e+000  2.2618914e+000  2.1508863e+000  2.3635783e+000  2.9710831e+000  3.3369119e+000
  1.0000000e+000  3.5730673e+000  4.3213757e+000  3.0483500e+000  3.2774348e+000  5.5715544e+000  3.1379830e+000  4.6086431e+000  2.8996174e+000  1.6314235e+000  3.6257286e+000
  2.0000000e+000  2.6086078e+000  1.4992579e+000  3.2644979e+000  2.8144355e+000  3.4662879e+000  2.4371904e+000  3.0378667e+000  3.4069622e+000  1.8732617e+000  3.1269436e+000
  1.0000000e+000  3.2182508e+000  1.9871404e+000  3.9797397e+000  4.7334641e+000  3.0125824e+000  2.9710828e+000  1.3929439e+000  4.8854555e+000  2.2888158e+000  2.9247620e+000
  2.0000000e+000  1.7209147e+000  2.0920447e+000  3.4849289e+000  4.1253940e+000  4.4687402e+000  3.7950888e+000  1.8318772e+000  2.2603028e+000  2.8116963e+000  2.3815965e+000
  2.0000000e+000  2.3532883e+000  2.8759237e+000  3.2661451e+000  1.2659656e+000  2.8791725e+000  4.7072141e+000  4.4612069e+000  2.0056807e+000  3.1829128e+000  1.9066483e+000
  2.0000000e+000  4.0713694e+000  3.8670775e+000  2.7886735e+000  2.2234002e+000  4.2442946e+000  2.5506248e+000  2.8730044e+000  2.3499337e+000  2.0669362e+000  3.4736310e+000
  2.0000000e+000  2.3893975e+000  1.9297292e+000  3.4364495e+000  3.3906936e+000  4.0718548e+000  2.7666172e+000  1.2803913e+000  4.1703797e+000  2.6608672e+000  4.2958412e+000
  2.0000000e+000  2.2494154e+000  4.5109256e+000  3.0686675e+000  2.8199855e+000  3.5822048e+000  2.7999066e+000  2.6978934e+000  4.0420425e+000  2.9599309e+000  2.2519934e+000
  2.0000000e+000  1.6543988e+000  3.9408373e+000  2.8396730e+000  3.9385549e+000  2.2767027e+000  2.8105072e+000  2.8632394e+000  3.3310852e+000  3.0608787e+000  2.7434242e+000
  2.0000000e+000  2.7661241e+000  9.8694766e-001  3.0203538e+000  2.5562550e+000  3.0143620e+000  3.1340443e+000  3.1541071e+000  3.0186828e+000  5.5867963e+000  2.8688705e+000
  2.0000000e+000  1.5423102e+000  3.2252540e+000  1.7193712e+000  3.6223794e+000  2.6001323e+000  1.9898418e+000  4.1442989e+000  3.3641788e+000  2.6085900e+000  1.5327522e+000
  2.0000000e+000  1.8663265e+000  4.0601394e+000  4.1940677e+000  3.5823257e+000  2.5489821e+000  3.8337567e+000  3.4621575e+000  3.7480843e+000  2.9811012e+000  4.2068875e+000
  2.0000000e+000  2.9681616e+000  3.3381332e+000  1.4565460e+000  3.0036105e+000  3.9306296e+000  3.2338637e+000  2.4630373e+000  1.3233924e+000  2.0792982e+000  2.4866557e+000
  2.0000000e+000  3.6887980e+000  3.1769646e+000  2.8085544e+000  2.5513148e+000  3.4464405e+000  3.3503093e+000  1.6186629e+000  2.3698989e+000  5.5646295e+000  2.7036799e+000
  1.0000000e+000  3.0965822e+000  2.6884469e+000  2.9149145e+000  4.5169881e+000  4.7395583e+000  2.3690560e+000  3.1544878e+000  2.3342100e+000  4.0328088e+000  3.5705749e+000
  2.0000000e+000  4.0100577e+000  3.6148733e+000  1.4670412e+000  2.5988722e+000  2.5539747e+000  1.2847159e+000  9.1936782e-001  3.1558182e+000  2.5828193e+000  4.0817610e+000
  2.0000000e+000  1.9070033e-001  3.1505216e+000  2.0118646e+000  3.2374203e+000  3.9043765e+000  3.4571744e+000  2.1418824e+000  4.1311382e+000  1.9940159e+000  4.0311857e+000
  2.0000000e+000  5.9419049e+000  2.2892411e+000  4.1809096e+000  2.3304355e+000  3.6631835e+000  3.7936972e+000  4.3744658e+000  1.3608148e+000  3.8670770e+000  2.8052141e+000
  2.0000000e+000  2.7550901e+000  3.9860983e+000  3.2789362e+000  3.8326854e+000  3.1664099e+000  3.1852922e+000  3.6503276e+000  1.8230555e+000  4.2375549e+000  3.9635493e+000
  1.0000000e+000  3.2372364e+000  9.8774481e-002  3.5106828e+000  4.8182506e+000  3.0060145e+000  2.1952136e+000  1.9734382e+000  2.7120639e+000  2.0270037e+000  2.2572979e+000
  2.0000000e+000  4.6476755e+000  3.4342191e+000  3.0168930e+000  9.2470326e-001  3.6136941e+000  1.8343095e+000  2.6673671e+000  2.8372343e+000  2.6107159e+000  2.6846616e+000
  2.0000000e+000  2.0499042e+000  2.4622426e+000  4.2805290e+000  2.5372521e+000  1.5056605e+000  4.2106060e+000  2.5421506e+000  2.9308968e+000  2.6837220e+000  3.6521765e+000
  2.0000000e+000  4.7823754e+000  2.6012305e+000  2.4586338e+000  2.9535289e+000  2.8030426e+000  3.4687675e+000  2.3130296e+000  1.1967941e+000  7.9145085e-001  1.6041589e+000
  2.0000000e+000  2.3368770e+000  1.8005470e+000  3.9561498e+000  2.7046558e+000  2.9947403e+000  4.3098768e+000  3.2935547e+000  3.4647743e+000  4.5143474e+000  4.6557360e+000
  2.0000000e+000  2.7505896e+000  3.3864694e+000  2.1726290e+000  5.1788635e+000  2.9516334e+000  2.2560044e+000  4.0390775e+000  3.1807554e+000  2.7052547e+000  3.5427635e+000
  2.0000000e+000  1.5058683e+000  3.2483749e+000  2.5188623e+000  2.6344438e+000  3.6489495e+000  3.1996731e+000  2.6776411e+000  4.4214160e+000  3.9318622e+000  2.5285005e+000
  2.0000000e+000  2.7947918e+000  2.1725841e+000  3.7085966e+000  2.7560871e+000  3.5898607e+000  4.1358527e+000  2.8232703e+000  1.8337469e+000  3.1171211e+000  3.7536661e+000
  2.0000000e+000  3.5444018e+000  2.9386561e+000  1.6792830e+000  3.9581180e+000  4.8326627e+000  8.6233930e-001  2.9577622e+000  4.9924167e+000  2.2485763e+000  4.0515870e+000
  2.0000000e+000  2.2627771e+000  5.1372749e+000  8.1367691e-001  3.0383309e+000  3.8244246e+000  2.2724718e+000  3.2966063e+000  1.7229575e+000  2.4146592e+000  3.7006243e+000
  1.0000000e+000  3.2640312e+000  1.5773263e+000  2.7294617e+000  3.0257464e+000  1.9302359e+000  2.9101282e+000  2.4093307e+000  1.9819563e+000  3.7548572e+000  3.2418881e+000
  2.0000000e+000  3.3775650e+000  1.6620787e+000  3.0008315e+000  1.8321349e+000  1.5172011e+000  2.5153070e+000  3.2438485e+000  3.7579973e+000  6.2180699e-001  4.1314768e+000
  1.0000000e+000  3.1996594e+000  1.7963037e+000  1.9926481e+000  4.2123257e+000  3.7083122e+000  3.5001855e+000  2.6164936e+000  3.1067601e+000  2.9773310e+000  3.5384148e+000
